id,label
0,3
1,4
2,3
3,3
4,4
5,5
6,0
7,6
8,4
9,6
10,6
11,3
12,3
13,6
14,6
15,3
16,3
17,6
18,5
19,0
20,0
21,3
22,6
23,4
24,0
25,5
26,3
27,6
28,0
29,5
30,4
31,5
32,6
33,3
34,2
35,6
36,2
37,3
38,0
39,4
40,3
41,5
42,2
43,3
44,4
45,4
46,3
47,6
48,3
49,3
50,4
51,2
52,4
53,4
54,1
55,6
56,5
57,3
58,4
59,2
60,3
61,4
62,4
63,4
64,5
65,6
66,2
67,4
68,0
69,0
70,4
71,4
72,6
73,4
74,5
75,3
76,0
77,0
78,3
79,6
80,0
81,3
82,2
83,3
84,3
85,6
86,5
87,3
88,3
89,5
90,6
91,4
92,4
93,0
94,4
95,6
96,0
97,3
98,5
99,2
100,0
101,3
102,3
103,6
104,4
105,3
106,5
107,3
108,3
109,4
110,3
111,3
112,3
113,4
114,0
115,3
116,4
117,6
118,3
119,5
120,4
121,3
122,2
123,6
124,3
125,2
126,2
127,3
128,4
129,6
130,3
131,3
132,3
133,4
134,6
135,3
136,6
137,0
138,0
139,2
140,2
141,3
142,6
143,6
144,6
145,4
146,3
147,6
148,4
149,4
150,3
151,3
152,4
153,4
154,3
155,4
156,0
157,6
158,6
159,3
160,4
161,0
162,6
163,2
164,6
165,4
166,6
167,0
168,0
169,4
170,4
171,6
172,6
173,3
174,6
175,4
176,6
177,6
178,3
179,2
180,4
181,6
182,6
183,0
184,6
185,4
186,4
187,4
188,4
189,6
190,5
191,6
192,3
193,2
194,5
195,6
196,4
197,4
198,3
199,6
200,4
201,5
202,3
203,4
204,3
205,4
206,4
207,6
208,3
209,6
210,6
211,0
212,0
213,6
214,6
215,6
216,3
217,5
218,3
219,5
220,5
221,4
222,0
223,6
224,3
225,4
226,2
227,5
228,3
229,2
230,0
231,6
232,6
233,3
234,0
235,0
236,3
237,3
238,3
239,3
240,5
241,5
242,2
243,3
244,3
245,0
246,4
247,2
248,3
249,6
250,6
251,0
252,5
253,5
254,6
255,6
256,5
257,0
258,3
259,6
260,5
261,6
262,6
263,5
264,5
265,0
266,0
267,4
268,3
269,5
270,3
271,3
272,3
273,6
274,4
275,6
276,4
277,0
278,5
279,0
280,1
281,5
282,1
283,4
284,0
285,6
286,2
287,4
288,6
289,5
290,4
291,3
292,3
293,2
294,3
295,3
296,4
297,6
298,0
299,6
300,5
301,4
302,4
303,3
304,5
305,3
306,6
307,3
308,0
309,2
310,6
311,3
312,3
313,6
314,6
315,0
316,0
317,6
318,0
319,0
320,4
321,4
322,0
323,6
324,6
325,4
326,6
327,6
328,0
329,6
330,3
331,6
332,6
333,2
334,4
335,3
336,4
337,6
338,0
339,3
340,3
341,0
342,3
343,3
344,3
345,3
346,6
347,3
348,0
349,4
350,0
351,6
352,0
353,4
354,3
355,5
356,6
357,2
358,2
359,3
360,3
361,5
362,5
363,6
364,4
365,5
366,3
367,4
368,1
369,3
370,3
371,3
372,4
373,3
374,6
375,5
376,6
377,0
378,3
379,6
380,0
381,3
382,0
383,2
384,4
385,3
386,3
387,5
388,0
389,2
390,4
391,5
392,6
393,3
394,6
395,6
396,3
397,0
398,4
399,1
400,3
401,2
402,6
403,4
404,4
405,5
406,6
407,3
408,2
409,3
410,4
411,0
412,4
413,6
414,6
415,0
416,5
417,0
418,3
419,3
420,2
421,4
422,0
423,6
424,5
425,4
426,3
427,6
428,4
429,6
430,3
431,4
432,6
433,3
434,2
435,6
436,4
437,2
438,4
439,3
440,6
441,4
442,4
443,0
444,3
445,5
446,6
447,0
448,6
449,6
450,3
451,2
452,3
453,5
454,6
455,6
456,3
457,0
458,3
459,2
460,3
461,0
462,3
463,6
464,3
465,4
466,5
467,2
468,3
469,5
470,4
471,6
472,2
473,4
474,3
475,5
476,0
477,5
478,4
479,6
480,4
481,3
482,2
483,6
484,4
485,4
486,6
487,2
488,6
489,2
490,6
491,6
492,5
493,4
494,2
495,1
496,6
497,0
498,0
499,6
500,4
501,0
502,3
503,4
504,5
505,3
506,5
507,3
508,6
509,6
510,5
511,6
512,6
513,4
514,6
515,4
516,4
517,2
518,6
519,6
520,3
521,4
522,6
523,1
524,2
525,2
526,4
527,4
528,4
529,6
530,5
531,4
532,4
533,0
534,3
535,3
536,0
537,5
538,6
539,2
540,0
541,6
542,0
543,4
544,6
545,0
546,6
547,3
548,1
549,6
550,3
551,3
552,3
553,2
554,3
555,2
556,3
557,5
558,3
559,3
560,5
561,3
562,4
563,3
564,4
565,0
566,6
567,6
568,3
569,6
570,3
571,3
572,0
573,5
574,5
575,5
576,5
577,6
578,5
579,0
580,4
581,3
582,3
583,5
584,6
585,3
586,6
587,4
588,0
589,4
590,0
591,0
592,5
593,6
594,2
595,3
596,0
597,6
598,4
599,6
600,6
601,3
602,6
603,6
604,6
605,0
606,6
607,4
608,6
609,3
610,2
611,6
612,5
613,3
614,2
615,2
616,4
617,3
618,2
619,5
620,6
621,3
622,2
623,6
624,6
625,6
626,6
627,3
628,4
629,5
630,5
631,3
632,3
633,2
634,3
635,2
636,6
637,0
638,4
639,5
640,3
641,3
642,4
643,3
644,2
645,4
646,4
647,3
648,3
649,0
650,6
651,3
652,5
653,5
654,2
655,2
656,0
657,6
658,3
659,6
660,0
661,3
662,3
663,4
664,3
665,6
666,3
667,2
668,4
669,4
670,4
671,0
672,3
673,3
674,3
675,3
676,2
677,0
678,5
679,3
680,2
681,3
682,4
683,6
684,4
685,3
686,3
687,2
688,4
689,6
690,0
691,3
692,4
693,4
694,6
695,5
696,0
697,0
698,0
699,5
700,6
701,5
702,5
703,5
704,3
705,4
706,3
707,4
708,2
709,2
710,5
711,3
712,5
713,5
714,4
715,4
716,3
717,4
718,6
719,4
720,3
721,3
722,5
723,0
724,3
725,5
726,3
727,4
728,6
729,4
730,6
731,2
732,5
733,6
734,0
735,3
736,2
737,4
738,3
739,3
740,5
741,0
742,6
743,4
744,2
745,3
746,5
747,3
748,4
749,3
750,4
751,2
752,0
753,0
754,6
755,6
756,4
757,4
758,3
759,3
760,4
761,6
762,3
763,5
764,6
765,5
766,3
767,5
768,6
769,4
770,3
771,3
772,3
773,0
774,3
775,6
776,6
777,3
778,3
779,2
780,5
781,0
782,6
783,6
784,6
785,6
786,2
787,3
788,3
789,4
790,6
791,3
792,2
793,3
794,3
795,3
796,3
797,4
798,0
799,0
800,4
801,6
802,3
803,6
804,3
805,2
806,4
807,4
808,4
809,2
810,0
811,6
812,3
813,2
814,4
815,2
816,3
817,5
818,4
819,6
820,6
821,3
822,3
823,3
824,3
825,3
826,6
827,6
828,2
829,3
830,3
831,6
832,6
833,4
834,3
835,4
836,6
837,3
838,4
839,6
840,6
841,3
842,2
843,4
844,6
845,3
846,4
847,3
848,5
849,3
850,2
851,5
852,5
853,6
854,2
855,4
856,2
857,5
858,3
859,5
860,3
861,3
862,6
863,0
864,3
865,6
866,0
867,4
868,6
869,2
870,3
871,6
872,6
873,4
874,6
875,5
876,3
877,6
878,6
879,0
880,3
881,6
882,4
883,0
884,3
885,0
886,3
887,6
888,4
889,4
890,2
891,4
892,2
893,3
894,4
895,3
896,2
897,6
898,6
899,0
900,3
901,3
902,4
903,6
904,4
905,4
906,6
907,4
908,3
909,6
910,5
911,6
912,4
913,6
914,3
915,6
916,3
917,3
918,6
919,2
920,3
921,4
922,2
923,2
924,4
925,2
926,3
927,4
928,2
929,4
930,4
931,6
932,0
933,0
934,2
935,3
936,4
937,3
938,3
939,3
940,6
941,3
942,3
943,3
944,4
945,4
946,3
947,3
948,0
949,3
950,2
951,4
952,0
953,4
954,2
955,3
956,4
957,3
958,6
959,0
960,3
961,6
962,6
963,3
964,5
965,6
966,2
967,0
968,3
969,2
970,2
971,4
972,5
973,3
974,4
975,6
976,3
977,6
978,4
979,3
980,3
981,6
982,3
983,0
984,6
985,5
986,6
987,2
988,2
989,3
990,3
991,0
992,2
993,4
994,3
995,3
996,3
997,3
998,5
999,2
1000,6
1001,4
1002,3
1003,6
1004,4
1005,5
1006,0
1007,3
1008,0
1009,6
1010,6
1011,5
1012,3
1013,0
1014,4
1015,3
1016,0
1017,0
1018,4
1019,4
1020,5
1021,5
1022,3
1023,5
1024,5
1025,6
1026,1
1027,3
1028,3
1029,2
1030,5
1031,5
1032,3
1033,3
1034,5
1035,4
1036,6
1037,4
1038,6
1039,3
1040,2
1041,0
1042,4
1043,6
1044,3
1045,3
1046,2
1047,6
1048,3
1049,3
1050,2
1051,2
1052,0
1053,0
1054,4
1055,3
1056,6
1057,6
1058,6
1059,4
1060,3
1061,3
1062,0
1063,4
1064,6
1065,0
1066,6
1067,4
1068,6
1069,4
1070,3
1071,3
1072,6
1073,5
1074,3
1075,3
1076,5
1077,6
1078,6
1079,4
1080,3
1081,4
1082,5
1083,6
1084,3
1085,5
1086,0
1087,6
1088,6
1089,6
1090,2
1091,0
1092,3
1093,3
1094,5
1095,6
1096,3
1097,3
1098,3
1099,5
1100,0
1101,5
1102,6
1103,5
1104,5
1105,5
1106,2
1107,0
1108,6
1109,3
1110,3
1111,5
1112,3
1113,3
1114,0
1115,3
1116,3
1117,6
1118,0
1119,3
1120,3
1121,2
1122,0
1123,3
1124,3
1125,4
1126,4
1127,1
1128,0
1129,4
1130,5
1131,6
1132,6
1133,4
1134,6
1135,5
1136,3
1137,4
1138,5
1139,6
1140,6
1141,4
1142,2
1143,4
1144,6
1145,4
1146,6
1147,4
1148,3
1149,3
1150,5
1151,0
1152,4
1153,5
1154,3
1155,3
1156,3
1157,2
1158,3
1159,5
1160,2
1161,2
1162,5
1163,4
1164,6
1165,2
1166,4
1167,5
1168,4
1169,6
1170,6
1171,6
1172,6
1173,6
1174,4
1175,0
1176,2
1177,3
1178,6
1179,3
1180,4
1181,0
1182,6
1183,6
1184,6
1185,3
1186,5
1187,4
1188,4
1189,5
1190,2
1191,6
1192,6
1193,6
1194,6
1195,6
1196,5
1197,6
1198,2
1199,6
1200,4
1201,6
1202,2
1203,4
1204,6
1205,6
1206,4
1207,6
1208,2
1209,6
1210,4
1211,6
1212,2
1213,0
1214,3
1215,4
1216,6
1217,4
1218,6
1219,4
1220,2
1221,2
1222,0
1223,0
1224,2
1225,4
1226,2
1227,3
1228,6
1229,3
1230,2
1231,6
1232,5
1233,4
1234,5
1235,5
1236,6
1237,5
1238,6
1239,4
1240,6
1241,6
1242,5
1243,2
1244,4
1245,5
1246,6
1247,3
1248,6
1249,4
1250,4
1251,2
1252,6
1253,6
1254,6
1255,3
1256,0
1257,2
1258,5
1259,0
1260,2
1261,6
1262,4
1263,2
1264,5
1265,5
1266,5
1267,6
1268,2
1269,4
1270,3
1271,3
1272,3
1273,4
1274,0
1275,6
1276,3
1277,0
1278,3
1279,0
1280,6
1281,0
1282,0
1283,0
1284,5
1285,2
1286,4
1287,5
1288,3
1289,5
1290,1
1291,2
1292,6
1293,3
1294,4
1295,4
1296,6
1297,4
1298,3
1299,0
1300,5
1301,4
1302,6
1303,6
1304,0
1305,5
1306,6
1307,3
1308,3
1309,3
1310,0
1311,6
1312,3
1313,2
1314,5
1315,2
1316,4
1317,5
1318,3
1319,4
1320,4
1321,6
1322,0
1323,0
1324,3
1325,4
1326,5
1327,3
1328,5
1329,0
1330,3
1331,6
1332,2
1333,4
1334,3
1335,3
1336,5
1337,5
1338,3
1339,2
1340,4
1341,0
1342,4
1343,2
1344,0
1345,6
1346,4
1347,3
1348,6
1349,3
1350,2
1351,2
1352,0
1353,4
1354,3
1355,6
1356,6
1357,4
1358,5
1359,4
1360,2
1361,4
1362,3
1363,6
1364,0
1365,5
1366,2
1367,6
1368,4
1369,3
1370,3
1371,3
1372,2
1373,3
1374,6
1375,0
1376,3
1377,6
1378,6
1379,2
1380,6
1381,1
1382,2
1383,3
1384,4
1385,2
1386,4
1387,4
1388,0
1389,4
1390,6
1391,6
1392,3
1393,3
1394,5
1395,2
1396,5
1397,3
1398,6
1399,5
1400,6
1401,3
1402,4
1403,2
1404,5
1405,4
1406,6
1407,3
1408,6
1409,3
1410,6
1411,6
1412,2
1413,5
1414,4
1415,4
1416,3
1417,3
1418,3
1419,3
1420,4
1421,0
1422,4
1423,4
1424,3
1425,6
1426,6
1427,2
1428,0
1429,5
1430,6
1431,6
1432,6
1433,6
1434,4
1435,6
1436,6
1437,4
1438,5
1439,4
1440,6
1441,3
1442,4
1443,6
1444,0
1445,4
1446,2
1447,3
1448,3
1449,5
1450,4
1451,3
1452,0
1453,3
1454,2
1455,6
1456,0
1457,3
1458,5
1459,3
1460,3
1461,3
1462,5
1463,5
1464,3
1465,0
1466,5
1467,4
1468,3
1469,0
1470,3
1471,3
1472,0
1473,4
1474,3
1475,3
1476,3
1477,0
1478,3
1479,6
1480,3
1481,5
1482,5
1483,3
1484,3
1485,6
1486,3
1487,3
1488,4
1489,2
1490,3
1491,3
1492,6
1493,6
1494,6
1495,0
1496,6
1497,6
1498,6
1499,2
1500,2
1501,0
1502,6
1503,4
1504,3
1505,4
1506,0
1507,3
1508,6
1509,5
1510,4
1511,6
1512,4
1513,4
1514,0
1515,3
1516,4
1517,1
1518,6
1519,2
1520,0
1521,3
1522,4
1523,3
1524,4
1525,0
1526,3
1527,6
1528,4
1529,4
1530,2
1531,6
1532,6
1533,3
1534,6
1535,6
1536,6
1537,6
1538,3
1539,5
1540,1
1541,0
1542,3
1543,5
1544,5
1545,4
1546,4
1547,4
1548,2
1549,4
1550,4
1551,5
1552,4
1553,4
1554,4
1555,6
1556,3
1557,0
1558,3
1559,4
1560,6
1561,3
1562,2
1563,6
1564,4
1565,3
1566,6
1567,4
1568,3
1569,5
1570,6
1571,3
1572,6
1573,4
1574,2
1575,3
1576,4
1577,0
1578,6
1579,6
1580,3
1581,0
1582,6
1583,4
1584,2
1585,3
1586,4
1587,4
1588,6
1589,6
1590,6
1591,2
1592,5
1593,6
1594,4
1595,3
1596,0
1597,3
1598,6
1599,3
1600,4
1601,3
1602,4
1603,3
1604,3
1605,2
1606,0
1607,6
1608,5
1609,4
1610,3
1611,2
1612,6
1613,0
1614,0
1615,6
1616,4
1617,3
1618,0
1619,3
1620,3
1621,6
1622,5
1623,0
1624,6
1625,3
1626,3
1627,5
1628,3
1629,5
1630,6
1631,4
1632,5
1633,6
1634,6
1635,4
1636,6
1637,0
1638,5
1639,5
1640,3
1641,0
1642,3
1643,3
1644,6
1645,3
1646,6
1647,4
1648,3
1649,3
1650,3
1651,3
1652,4
1653,3
1654,3
1655,0
1656,5
1657,3
1658,6
1659,6
1660,6
1661,3
1662,5
1663,2
1664,6
1665,5
1666,1
1667,5
1668,5
1669,5
1670,5
1671,3
1672,2
1673,5
1674,5
1675,2
1676,3
1677,4
1678,4
1679,3
1680,4
1681,6
1682,3
1683,3
1684,6
1685,3
1686,3
1687,6
1688,6
1689,3
1690,4
1691,4
1692,0
1693,6
1694,6
1695,6
1696,3
1697,0
1698,3
1699,4
1700,3
1701,3
1702,6
1703,6
1704,3
1705,6
1706,4
1707,6
1708,3
1709,6
1710,3
1711,6
1712,4
1713,4
1714,6
1715,6
1716,6
1717,3
1718,0
1719,6
1720,6
1721,6
1722,6
1723,0
1724,4
1725,6
1726,6
1727,5
1728,4
1729,0
1730,6
1731,6
1732,3
1733,3
1734,4
1735,5
1736,6
1737,6
1738,5
1739,2
1740,4
1741,2
1742,0
1743,5
1744,6
1745,4
1746,4
1747,5
1748,4
1749,0
1750,3
1751,0
1752,3
1753,3
1754,4
1755,5
1756,6
1757,0
1758,6
1759,1
1760,4
1761,0
1762,3
1763,5
1764,3
1765,6
1766,6
1767,6
1768,0
1769,5
1770,3
1771,6
1772,4
1773,0
1774,0
1775,4
1776,6
1777,2
1778,2
1779,0
1780,6
1781,4
1782,3
1783,5
1784,3
1785,4
1786,4
1787,3
1788,0
1789,3
1790,5
1791,2
1792,6
1793,3
1794,6
1795,6
1796,3
1797,2
1798,5
1799,3
1800,4
1801,3
1802,5
1803,0
1804,4
1805,6
1806,3
1807,6
1808,4
1809,4
1810,6
1811,6
1812,6
1813,0
1814,4
1815,4
1816,2
1817,4
1818,3
1819,5
1820,4
1821,4
1822,6
1823,6
1824,4
1825,0
1826,2
1827,5
1828,4
1829,3
1830,4
1831,6
1832,3
1833,6
1834,3
1835,3
1836,4
1837,6
1838,3
1839,3
1840,6
1841,6
1842,3
1843,4
1844,0
1845,4
1846,3
1847,4
1848,6
1849,4
1850,2
1851,0
1852,4
1853,6
1854,4
1855,5
1856,3
1857,3
1858,3
1859,5
1860,4
1861,6
1862,2
1863,3
1864,0
1865,3
1866,3
1867,4
1868,0
1869,3
1870,3
1871,3
1872,6
1873,2
1874,2
1875,2
1876,3
1877,3
1878,6
1879,3
1880,3
1881,4
1882,2
1883,2
1884,3
1885,6
1886,6
1887,5
1888,2
1889,4
1890,6
1891,6
1892,6
1893,4
1894,4
1895,3
1896,2
1897,6
1898,3
1899,4
1900,2
1901,4
1902,3
1903,3
1904,5
1905,4
1906,6
1907,4
1908,6
1909,6
1910,5
1911,6
1912,3
1913,3
1914,4
1915,0
1916,0
1917,3
1918,0
1919,4
1920,2
1921,5
1922,5
1923,3
1924,5
1925,3
1926,2
1927,3
1928,3
1929,6
1930,4
1931,3
1932,3
1933,4
1934,2
1935,3
1936,1
1937,3
1938,5
1939,6
1940,6
1941,3
1942,2
1943,2
1944,3
1945,2
1946,4
1947,4
1948,4
1949,3
1950,6
1951,5
1952,0
1953,2
1954,4
1955,6
1956,3
1957,6
1958,5
1959,3
1960,0
1961,6
1962,3
1963,6
1964,4
1965,4
1966,6
1967,3
1968,6
1969,6
1970,0
1971,2
1972,4
1973,6
1974,6
1975,0
1976,3
1977,5
1978,5
1979,3
1980,3
1981,5
1982,3
1983,0
1984,0
1985,6
1986,3
1987,6
1988,4
1989,6
1990,6
1991,3
1992,3
1993,3
1994,4
1995,3
1996,6
1997,3
1998,2
1999,4
2000,4
2001,3
2002,6
2003,2
2004,0
2005,6
2006,2
2007,2
2008,3
2009,4
2010,5
2011,3
2012,6
2013,3
2014,6
2015,4
2016,3
2017,3
2018,3
2019,3
2020,4
2021,3
2022,6
2023,6
2024,0
2025,5
2026,3
2027,3
2028,3
2029,5
2030,4
2031,2
2032,3
2033,6
2034,6
2035,4
2036,2
2037,4
2038,6
2039,0
2040,2
2041,3
2042,3
2043,4
2044,0
2045,3
2046,0
2047,3
2048,6
2049,4
2050,2
2051,6
2052,3
2053,6
2054,3
2055,1
2056,4
2057,6
2058,4
2059,6
2060,5
2061,6
2062,2
2063,3
2064,0
2065,5
2066,3
2067,6
2068,3
2069,4
2070,5
2071,3
2072,5
2073,3
2074,3
2075,3
2076,3
2077,4
2078,6
2079,5
2080,6
2081,3
2082,6
2083,3
2084,3
2085,4
2086,5
2087,5
2088,5
2089,3
2090,6
2091,5
2092,3
2093,3
2094,3
2095,6
2096,5
2097,3
2098,4
2099,4
2100,5
2101,4
2102,6
2103,6
2104,5
2105,0
2106,5
2107,4
2108,3
2109,6
2110,3
2111,6
2112,6
2113,2
2114,6
2115,6
2116,6
2117,2
2118,3
2119,3
2120,3
2121,4
2122,6
2123,3
2124,0
2125,4
2126,4
2127,3
2128,4
2129,2
2130,5
2131,6
2132,6
2133,4
2134,3
2135,6
2136,4
2137,4
2138,1
2139,6
2140,5
2141,5
2142,6
2143,3
2144,6
2145,6
2146,6
2147,4
2148,0
2149,3
2150,3
2151,6
2152,4
2153,2
2154,5
2155,5
2156,0
2157,5
2158,4
2159,6
2160,5
2161,0
2162,0
2163,5
2164,6
2165,6
2166,5
2167,5
2168,4
2169,0
2170,3
2171,3
2172,6
2173,3
2174,6
2175,2
2176,6
2177,3
2178,2
2179,4
2180,0
2181,3
2182,6
2183,4
2184,2
2185,6
2186,3
2187,6
2188,4
2189,2
2190,5
2191,3
2192,6
2193,6
2194,4
2195,3
2196,4
2197,4
2198,3
2199,4
2200,3
2201,3
2202,3
2203,4
2204,5
2205,6
2206,3
2207,4
2208,3
2209,6
2210,0
2211,6
2212,4
2213,6
2214,3
2215,3
2216,5
2217,3
2218,3
2219,4
2220,0
2221,2
2222,6
2223,0
2224,3
2225,3
2226,2
2227,3
2228,2
2229,3
2230,0
2231,2
2232,4
2233,6
2234,6
2235,6
2236,5
2237,6
2238,2
2239,0
2240,4
2241,3
2242,3
2243,5
2244,5
2245,4
2246,3
2247,4
2248,5
2249,5
2250,6
2251,3
2252,5
2253,6
2254,3
2255,4
2256,4
2257,4
2258,2
2259,0
2260,4
2261,2
2262,0
2263,3
2264,6
2265,0
2266,0
2267,4
2268,6
2269,3
2270,6
2271,3
2272,0
2273,3
2274,5
2275,3
2276,3
2277,4
2278,3
2279,6
2280,0
2281,5
2282,4
2283,3
2284,4
2285,5
2286,5
2287,0
2288,2
2289,6
2290,6
2291,3
2292,0
2293,0
2294,4
2295,5
2296,3
2297,4
2298,3
2299,3
2300,1
2301,3
2302,4
2303,5
2304,6
2305,4
2306,4
2307,6
2308,0
2309,4
2310,3
2311,5
2312,0
2313,3
2314,2
2315,3
2316,5
2317,6
2318,3
2319,2
2320,3
2321,3
2322,5
2323,5
2324,0
2325,4
2326,0
2327,5
2328,0
2329,0
2330,2
2331,1
2332,3
2333,3
2334,4
2335,2
2336,3
2337,0
2338,2
2339,6
2340,0
2341,4
2342,0
2343,0
2344,4
2345,4
2346,6
2347,3
2348,3
2349,0
2350,4
2351,4
2352,0
2353,4
2354,4
2355,6
2356,5
2357,2
2358,1
2359,4
2360,2
2361,6
2362,4
2363,0
2364,0
2365,3
2366,6
2367,2
2368,1
2369,6
2370,4
2371,4
2372,0
2373,5
2374,4
2375,4
2376,3
2377,3
2378,0
2379,0
2380,3
2381,4
2382,3
2383,5
2384,1
2385,6
2386,3
2387,4
2388,3
2389,4
2390,6
2391,0
2392,3
2393,0
2394,3
2395,4
2396,0
2397,3
2398,3
2399,1
2400,5
2401,3
2402,4
2403,3
2404,3
2405,0
2406,6
2407,6
2408,6
2409,6
2410,3
2411,6
2412,6
2413,3
2414,3
2415,0
2416,2
2417,3
2418,5
2419,5
2420,3
2421,0
2422,0
2423,6
2424,5
2425,6
2426,0
2427,4
2428,4
2429,2
2430,3
2431,6
2432,6
2433,0
2434,6
2435,6
2436,3
2437,2
2438,3
2439,3
2440,3
2441,4
2442,3
2443,2
2444,3
2445,4
2446,4
2447,2
2448,6
2449,4
2450,3
2451,5
2452,6
2453,3
2454,3
2455,3
2456,3
2457,6
2458,5
2459,6
2460,6
2461,6
2462,4
2463,3
2464,6
2465,3
2466,3
2467,0
2468,6
2469,0
2470,0
2471,6
2472,3
2473,2
2474,6
2475,4
2476,5
2477,4
2478,5
2479,2
2480,6
2481,4
2482,3
2483,2
2484,3
2485,6
2486,4
2487,3
2488,3
2489,0
2490,6
2491,3
2492,6
2493,2
2494,3
2495,6
2496,3
2497,4
2498,3
2499,4
2500,3
2501,4
2502,4
2503,5
2504,3
2505,6
2506,3
2507,2
2508,6
2509,6
2510,3
2511,5
2512,5
2513,3
2514,5
2515,6
2516,5
2517,4
2518,3
2519,0
2520,5
2521,4
2522,3
2523,6
2524,3
2525,6
2526,6
2527,6
2528,4
2529,5
2530,5
2531,0
2532,2
2533,3
2534,3
2535,6
2536,0
2537,3
2538,3
2539,0
2540,2
2541,3
2542,3
2543,6
2544,5
2545,4
2546,2
2547,2
2548,3
2549,5
2550,3
2551,3
2552,4
2553,3
2554,6
2555,3
2556,4
2557,2
2558,6
2559,3
2560,3
2561,2
2562,4
2563,6
2564,3
2565,5
2566,4
2567,5
2568,3
2569,6
2570,0
2571,4
2572,0
2573,4
2574,3
2575,2
2576,5
2577,6
2578,3
2579,4
2580,4
2581,5
2582,4
2583,6
2584,6
2585,5
2586,3
2587,0
2588,5
2589,3
2590,6
2591,5
2592,3
2593,3
2594,3
2595,3
2596,3
2597,2
2598,3
2599,6
2600,6
2601,0
2602,6
2603,5
2604,0
2605,3
2606,5
2607,6
2608,3
2609,3
2610,5
2611,6
2612,0
2613,3
2614,4
2615,3
2616,0
2617,5
2618,1
2619,4
2620,4
2621,3
2622,0
2623,6
2624,3
2625,3
2626,3
2627,5
2628,4
2629,5
2630,6
2631,2
2632,2
2633,4
2634,0
2635,6
2636,4
2637,0
2638,2
2639,5
2640,3
2641,6
2642,3
2643,4
2644,4
2645,6
2646,5
2647,4
2648,6
2649,0
2650,5
2651,6
2652,5
2653,4
2654,0
2655,3
2656,6
2657,5
2658,3
2659,4
2660,4
2661,0
2662,6
2663,2
2664,6
2665,3
2666,4
2667,4
2668,3
2669,6
2670,2
2671,3
2672,6
2673,6
2674,6
2675,2
2676,4
2677,6
2678,3
2679,6
2680,3
2681,0
2682,3
2683,2
2684,3
2685,2
2686,4
2687,0
2688,6
2689,4
2690,3
2691,0
2692,3
2693,4
2694,3
2695,4
2696,3
2697,2
2698,3
2699,4
2700,4
2701,6
2702,4
2703,3
2704,4
2705,5
2706,4
2707,3
2708,4
2709,6
2710,6
2711,3
2712,3
2713,4
2714,4
2715,5
2716,5
2717,0
2718,5
2719,6
2720,6
2721,3
2722,0
2723,3
2724,4
2725,3
2726,3
2727,4
2728,6
2729,6
2730,3
2731,0
2732,4
2733,3
2734,3
2735,3
2736,6
2737,3
2738,6
2739,0
2740,5
2741,3
2742,5
2743,3
2744,3
2745,4
2746,2
2747,0
2748,5
2749,6
2750,6
2751,5
2752,6
2753,6
2754,0
2755,4
2756,2
2757,1
2758,4
2759,0
2760,3
2761,5
2762,3
2763,5
2764,4
2765,0
2766,4
2767,0
2768,4
2769,5
2770,2
2771,0
2772,4
2773,6
2774,4
2775,5
2776,1
2777,0
2778,3
2779,3
2780,6
2781,5
2782,3
2783,6
2784,4
2785,5
2786,0
2787,3
2788,0
2789,6
2790,3
2791,6
2792,6
2793,6
2794,0
2795,3
2796,0
2797,4
2798,2
2799,3
2800,4
2801,6
2802,3
2803,3
2804,3
2805,1
2806,5
2807,4
2808,6
2809,4
2810,6
2811,6
2812,0
2813,5
2814,4
2815,6
2816,2
2817,4
2818,3
2819,2
2820,3
2821,2
2822,0
2823,4
2824,3
2825,2
2826,3
2827,2
2828,4
2829,2
2830,4
2831,6
2832,6
2833,3
2834,5
2835,5
2836,4
2837,4
2838,6
2839,4
2840,5
2841,3
2842,5
2843,1
2844,4
2845,3
2846,3
2847,4
2848,3
2849,5
2850,2
2851,4
2852,5
2853,5
2854,0
2855,6
2856,6
2857,6
2858,6
2859,2
2860,6
2861,4
2862,2
2863,3
2864,2
2865,4
2866,2
2867,0
2868,3
2869,6
2870,6
2871,3
2872,3
2873,4
2874,3
2875,3
2876,3
2877,0
2878,2
2879,0
2880,3
2881,5
2882,3
2883,3
2884,0
2885,5
2886,6
2887,5
2888,0
2889,6
2890,6
2891,3
2892,4
2893,3
2894,6
2895,0
2896,4
2897,2
2898,3
2899,6
2900,3
2901,4
2902,6
2903,4
2904,3
2905,2
2906,5
2907,5
2908,2
2909,4
2910,4
2911,4
2912,5
2913,6
2914,5
2915,3
2916,6
2917,5
2918,4
2919,6
2920,3
2921,6
2922,4
2923,6
2924,3
2925,0
2926,3
2927,4
2928,6
2929,3
2930,4
2931,3
2932,6
2933,3
2934,0
2935,4
2936,6
2937,6
2938,4
2939,6
2940,4
2941,0
2942,6
2943,6
2944,4
2945,3
2946,4
2947,3
2948,5
2949,3
2950,4
2951,2
2952,6
2953,3
2954,2
2955,6
2956,6
2957,3
2958,3
2959,2
2960,3
2961,3
2962,2
2963,4
2964,3
2965,3
2966,0
2967,4
2968,6
2969,6
2970,2
2971,4
2972,4
2973,4
2974,3
2975,6
2976,3
2977,6
2978,6
2979,4
2980,6
2981,6
2982,0
2983,6
2984,6
2985,6
2986,2
2987,0
2988,0
2989,3
2990,2
2991,3
2992,4
2993,4
2994,3
2995,3
2996,3
2997,6
2998,4
2999,6
3000,4
3001,4
3002,4
3003,5
3004,6
3005,6
3006,2
3007,2
3008,3
3009,0
3010,3
3011,5
3012,5
3013,1
3014,3
3015,5
3016,3
3017,5
3018,5
3019,0
3020,6
3021,6
3022,3
3023,3
3024,3
3025,5
3026,3
3027,3
3028,5
3029,6
3030,1
3031,0
3032,4
3033,6
3034,6
3035,6
3036,3
3037,3
3038,5
3039,2
3040,5
3041,5
3042,2
3043,0
3044,3
3045,2
3046,2
3047,3
3048,6
3049,3
3050,3
3051,6
3052,2
3053,4
3054,4
3055,0
3056,5
3057,0
3058,6
3059,5
3060,1
3061,5
3062,2
3063,6
3064,0
3065,4
3066,6
3067,5
3068,6
3069,3
3070,3
3071,2
3072,6
3073,4
3074,6
3075,5
3076,3
3077,5
3078,4
3079,5
3080,2
3081,2
3082,6
3083,3
3084,5
3085,5
3086,3
3087,4
3088,4
3089,2
3090,0
3091,3
3092,6
3093,4
3094,3
3095,4
3096,4
3097,3
3098,3
3099,3
3100,3
3101,0
3102,2
3103,3
3104,5
3105,6
3106,3
3107,3
3108,4
3109,4
3110,3
3111,6
3112,0
3113,6
3114,0
3115,6
3116,3
3117,5
3118,3
3119,5
3120,2
3121,0
3122,3
3123,4
3124,4
3125,0
3126,4
3127,4
3128,5
3129,6
3130,4
3131,1
3132,2
3133,4
3134,5
3135,3
3136,2
3137,2
3138,0
3139,0
3140,3
3141,4
3142,3
3143,6
3144,0
3145,3
3146,3
3147,4
3148,0
3149,5
3150,2
3151,2
3152,3
3153,4
3154,6
3155,4
3156,6
3157,3
3158,6
3159,2
3160,3
3161,3
3162,6
3163,5
3164,3
3165,4
3166,0
3167,6
3168,3
3169,6
3170,5
3171,0
3172,0
3173,1
3174,6
3175,5
3176,0
3177,1
3178,0
3179,4
3180,6
3181,3
3182,6
3183,6
3184,3
3185,3
3186,0
3187,6
3188,3
3189,2
3190,1
3191,3
3192,4
3193,0
3194,6
3195,6
3196,3
3197,6
3198,2
3199,3
3200,4
3201,5
3202,6
3203,3
3204,0
3205,4
3206,0
3207,5
3208,6
3209,4
3210,0
3211,0
3212,5
3213,0
3214,4
3215,3
3216,5
3217,5
3218,3
3219,6
3220,4
3221,4
3222,0
3223,4
3224,4
3225,6
3226,3
3227,6
3228,3
3229,4
3230,6
3231,3
3232,6
3233,3
3234,5
3235,0
3236,5
3237,4
3238,3
3239,3
3240,2
3241,5
3242,3
3243,3
3244,2
3245,3
3246,3
3247,0
3248,3
3249,2
3250,4
3251,5
3252,4
3253,0
3254,6
3255,4
3256,3
3257,3
3258,0
3259,6
3260,3
3261,4
3262,3
3263,0
3264,4
3265,3
3266,2
3267,4
3268,4
3269,5
3270,0
3271,3
3272,5
3273,6
3274,3
3275,3
3276,3
3277,3
3278,6
3279,5
3280,2
3281,3
3282,3
3283,3
3284,6
3285,4
3286,5
3287,6
3288,5
3289,3
3290,6
3291,0
3292,5
3293,6
3294,3
3295,5
3296,3
3297,4
3298,4
3299,6
3300,4
3301,6
3302,4
3303,4
3304,3
3305,6
3306,6
3307,6
3308,3
3309,0
3310,6
3311,3
3312,0
3313,5
3314,4
3315,6
3316,6
3317,6
3318,4
3319,4
3320,4
3321,6
3322,6
3323,0
3324,3
3325,6
3326,0
3327,4
3328,5
3329,6
3330,3
3331,3
3332,5
3333,6
3334,0
3335,1
3336,3
3337,4
3338,3
3339,5
3340,3
3341,0
3342,5
3343,3
3344,6
3345,3
3346,4
3347,3
3348,5
3349,6
3350,4
3351,6
3352,3
3353,6
3354,5
3355,6
3356,0
3357,3
3358,4
3359,5
3360,3
3361,4
3362,3
3363,3
3364,4
3365,6
3366,6
3367,4
3368,5
3369,0
3370,6
3371,6
3372,2
3373,4
3374,3
3375,4
3376,2
3377,6
3378,6
3379,6
3380,4
3381,3
3382,6
3383,4
3384,4
3385,3
3386,3
3387,3
3388,3
3389,2
3390,3
3391,0
3392,2
3393,2
3394,3
3395,3
3396,3
3397,4
3398,4
3399,6
3400,3
3401,2
3402,6
3403,5
3404,3
3405,4
3406,4
3407,3
3408,3
3409,6
3410,6
3411,6
3412,5
3413,2
3414,3
3415,5
3416,4
3417,5
3418,2
3419,2
3420,0
3421,0
3422,3
3423,2
3424,3
3425,0
3426,2
3427,6
3428,6
3429,4
3430,2
3431,2
3432,5
3433,6
3434,3
3435,3
3436,4
3437,3
3438,4
3439,0
3440,3
3441,3
3442,4
3443,6
3444,5
3445,6
3446,2
3447,3
3448,4
3449,3
3450,2
3451,5
3452,4
3453,3
3454,5
3455,0
3456,3
3457,3
3458,6
3459,6
3460,4
3461,3
3462,5
3463,4
3464,0
3465,4
3466,0
3467,4
3468,3
3469,2
3470,5
3471,1
3472,3
3473,2
3474,0
3475,3
3476,6
3477,3
3478,4
3479,4
3480,2
3481,2
3482,6
3483,4
3484,6
3485,5
3486,0
3487,4
3488,4
3489,0
3490,2
3491,6
3492,6
3493,3
3494,5
3495,4
3496,0
3497,2
3498,3
3499,2
3500,6
3501,6
3502,0
3503,4
3504,3
3505,6
3506,5
3507,6
3508,3
3509,3
3510,3
3511,2
3512,6
3513,1
3514,4
3515,3
3516,3
3517,4
3518,6
3519,2
3520,3
3521,4
3522,0
3523,3
3524,2
3525,4
3526,3
3527,4
3528,3
3529,3
3530,4
3531,6
3532,6
3533,4
3534,3
3535,5
3536,6
3537,4
3538,3
3539,5
3540,0
3541,3
3542,0
3543,5
3544,0
3545,6
3546,4
3547,0
3548,2
3549,3
3550,4
3551,4
3552,0
3553,6
3554,3
3555,6
3556,6
3557,4
3558,2
3559,5
3560,3
3561,3
3562,3
3563,4
3564,5
3565,5
3566,4
3567,3
3568,4
3569,3
3570,5
3571,6
3572,5
3573,6
3574,6
3575,0
3576,0
3577,6
3578,3
3579,4
3580,3
3581,5
3582,6
3583,3
3584,2
3585,2
3586,4
3587,3
3588,3
3589,4
3590,3
3591,3
3592,5
3593,6
3594,5
3595,4
3596,5
3597,3
3598,3
3599,3
3600,3
3601,0
3602,6
3603,3
3604,3
3605,6
3606,2
3607,2
3608,3
3609,6
3610,4
3611,3
3612,5
3613,6
3614,3
3615,3
3616,6
3617,2
3618,4
3619,2
3620,4
3621,6
3622,3
3623,0
3624,2
3625,2
3626,4
3627,3
3628,2
3629,0
3630,4
3631,6
3632,5
3633,4
3634,4
3635,4
3636,5
3637,0
3638,6
3639,6
3640,0
3641,5
3642,2
3643,3
3644,5
3645,0
3646,3
3647,2
3648,6
3649,3
3650,6
3651,5
3652,0
3653,5
3654,6
3655,5
3656,4
3657,2
3658,5
3659,2
3660,3
3661,3
3662,6
3663,4
3664,4
3665,4
3666,4
3667,0
3668,6
3669,6
3670,0
3671,3
3672,4
3673,3
3674,5
3675,3
3676,6
3677,3
3678,3
3679,2
3680,3
3681,0
3682,6
3683,3
3684,2
3685,4
3686,2
3687,4
3688,5
3689,6
3690,0
3691,3
3692,4
3693,6
3694,4
3695,0
3696,6
3697,4
3698,4
3699,2
3700,6
3701,3
3702,3
3703,4
3704,6
3705,4
3706,6
3707,6
3708,3
3709,0
3710,4
3711,2
3712,0
3713,3
3714,3
3715,6
3716,6
3717,4
3718,6
3719,6
3720,6
3721,5
3722,6
3723,4
3724,3
3725,0
3726,6
3727,3
3728,2
3729,4
3730,3
3731,5
3732,4
3733,5
3734,2
3735,3
3736,3
3737,2
3738,4
3739,5
3740,3
3741,6
3742,4
3743,3
3744,3
3745,0
3746,4
3747,6
3748,3
3749,4
3750,6
3751,6
3752,6
3753,3
3754,6
3755,5
3756,4
3757,6
3758,6
3759,3
3760,5
3761,3
3762,0
3763,3
3764,2
3765,6
3766,4
3767,3
3768,5
3769,2
3770,3
3771,0
3772,6
3773,6
3774,2
3775,6
3776,5
3777,6
3778,3
3779,0
3780,0
3781,0
3782,6
3783,1
3784,3
3785,3
3786,4
3787,4
3788,3
3789,3
3790,6
3791,4
3792,5
3793,3
3794,6
3795,3
3796,6
3797,3
3798,3
3799,3
3800,6
3801,2
3802,3
3803,3
3804,5
3805,5
3806,2
3807,6
3808,6
3809,0
3810,5
3811,3
3812,4
3813,0
3814,4
3815,5
3816,2
3817,6
3818,3
3819,3
3820,2
3821,0
3822,5
3823,5
3824,1
3825,2
3826,0
3827,3
3828,3
3829,2
3830,3
3831,3
3832,3
3833,5
3834,3
3835,5
3836,3
3837,6
3838,3
3839,3
3840,5
3841,5
3842,6
3843,6
3844,4
3845,3
3846,0
3847,4
3848,4
3849,4
3850,5
3851,5
3852,3
3853,4
3854,2
3855,3
3856,2
3857,3
3858,4
3859,0
3860,4
3861,2
3862,0
3863,5
3864,2
3865,3
3866,3
3867,2
3868,3
3869,6
3870,3
3871,6
3872,6
3873,6
3874,3
3875,3
3876,1
3877,3
3878,5
3879,6
3880,5
3881,2
3882,4
3883,5
3884,6
3885,3
3886,2
3887,3
3888,3
3889,4
3890,4
3891,4
3892,6
3893,6
3894,3
3895,3
3896,6
3897,4
3898,2
3899,2
3900,6
3901,2
3902,5
3903,5
3904,6
3905,6
3906,3
3907,6
3908,6
3909,5
3910,5
3911,4
3912,3
3913,4
3914,3
3915,6
3916,3
3917,5
3918,3
3919,3
3920,3
3921,5
3922,3
3923,3
3924,3
3925,6
3926,3
3927,3
3928,4
3929,3
3930,0
3931,3
3932,2
3933,2
3934,4
3935,2
3936,4
3937,3
3938,4
3939,6
3940,4
3941,3
3942,4
3943,3
3944,4
3945,5
3946,3
3947,3
3948,3
3949,4
3950,2
3951,5
3952,5
3953,3
3954,4
3955,0
3956,6
3957,5
3958,6
3959,6
3960,4
3961,2
3962,0
3963,3
3964,4
3965,4
3966,3
3967,6
3968,5
3969,3
3970,2
3971,5
3972,4
3973,3
3974,6
3975,0
3976,5
3977,4
3978,2
3979,6
3980,3
3981,2
3982,2
3983,4
3984,4
3985,6
3986,6
3987,6
3988,3
3989,3
3990,6
3991,5
3992,5
3993,5
3994,4
3995,6
3996,3
3997,4
3998,6
3999,0
4000,3
4001,3
4002,3
4003,3
4004,2
4005,3
4006,3
4007,6
4008,3
4009,3
4010,6
4011,2
4012,2
4013,6
4014,0
4015,3
4016,3
4017,6
4018,4
4019,3
4020,0
4021,2
4022,0
4023,6
4024,3
4025,6
4026,3
4027,0
4028,2
4029,5
4030,0
4031,4
4032,3
4033,6
4034,3
4035,4
4036,4
4037,4
4038,4
4039,3
4040,0
4041,5
4042,3
4043,2
4044,0
4045,3
4046,2
4047,4
4048,3
4049,6
4050,4
4051,0
4052,2
4053,3
4054,3
4055,4
4056,3
4057,5
4058,6
4059,6
4060,4
4061,3
4062,6
4063,3
4064,5
4065,3
4066,3
4067,2
4068,3
4069,3
4070,3
4071,5
4072,6
4073,2
4074,5
4075,3
4076,5
4077,5
4078,6
4079,6
4080,5
4081,4
4082,3
4083,4
4084,6
4085,6
4086,5
4087,0
4088,3
4089,6
4090,3
4091,6
4092,4
4093,2
4094,5
4095,2
4096,3
4097,5
4098,3
4099,3
4100,4
4101,4
4102,3
4103,4
4104,6
4105,4
4106,0
4107,2
4108,2
4109,3
4110,6
4111,6
4112,4
4113,0
4114,3
4115,2
4116,4
4117,4
4118,4
4119,3
4120,3
4121,5
4122,2
4123,3
4124,2
4125,3
4126,3
4127,2
4128,3
4129,3
4130,3
4131,4
4132,6
4133,6
4134,3
4135,4
4136,0
4137,6
4138,3
4139,4
4140,2
4141,3
4142,3
4143,3
4144,0
4145,3
4146,5
4147,3
4148,6
4149,4
4150,5
4151,5
4152,3
4153,0
4154,0
4155,5
4156,4
4157,5
4158,4
4159,2
4160,6
4161,4
4162,0
4163,5
4164,6
4165,3
4166,6
4167,5
4168,3
4169,6
4170,6
4171,0
4172,6
4173,4
4174,4
4175,0
4176,3
4177,3
4178,3
4179,5
4180,3
4181,3
4182,3
4183,2
4184,6
4185,3
4186,4
4187,4
4188,2
4189,3
4190,6
4191,4
4192,2
4193,4
4194,3
4195,3
4196,0
4197,4
4198,5
4199,3
4200,6
4201,0
4202,6
4203,3
4204,3
4205,6
4206,4
4207,3
4208,6
4209,6
4210,4
4211,5
4212,5
4213,4
4214,5
4215,3
4216,4
4217,3
4218,5
4219,6
4220,5
4221,3
4222,3
4223,6
4224,6
4225,2
4226,6
4227,0
4228,5
4229,6
4230,4
4231,4
4232,0
4233,6
4234,0
4235,6
4236,4
4237,3
4238,3
4239,5
4240,2
4241,6
4242,6
4243,2
4244,3
4245,3
4246,3
4247,2
4248,2
4249,6
4250,0
4251,0
4252,3
4253,3
4254,3
4255,6
4256,6
4257,3
4258,0
4259,5
4260,6
4261,0
4262,6
4263,4
4264,2
4265,3
4266,6
4267,6
4268,6
4269,2
4270,4
4271,3
4272,4
4273,2
4274,4
4275,6
4276,3
4277,0
4278,4
4279,3
4280,3
4281,0
4282,4
4283,4
4284,6
4285,4
4286,6
4287,6
4288,0
4289,5
4290,4
4291,0
4292,4
4293,4
4294,2
4295,6
4296,6
4297,6
4298,6
4299,3
4300,6
4301,4
4302,2
4303,6
4304,6
4305,3
4306,6
4307,0
4308,5
4309,5
4310,6
4311,0
4312,4
4313,3
4314,0
4315,6
4316,0
4317,4
4318,6
4319,4
4320,2
4321,3
4322,4
4323,5
4324,5
4325,6
4326,4
4327,4
4328,2
4329,6
4330,3
4331,3
4332,3
4333,4
4334,4
4335,3
4336,6
4337,3
4338,4
4339,0
4340,6
4341,3
4342,4
4343,4
4344,4
4345,3
4346,2
4347,6
4348,4
4349,4
4350,2
4351,4
4352,6
4353,6
4354,0
4355,4
4356,2
4357,3
4358,6
4359,5
4360,3
4361,6
4362,2
4363,4
4364,2
4365,3
4366,3
4367,6
4368,6
4369,6
4370,2
4371,3
4372,5
4373,6
4374,6
4375,2
4376,3
4377,6
4378,3
4379,3
4380,6
4381,6
4382,2
4383,3
4384,2
4385,6
4386,3
4387,4
4388,4
4389,0
4390,4
4391,4
4392,0
4393,6
4394,0
4395,2
4396,6
4397,3
4398,3
4399,2
4400,0
4401,4
4402,0
4403,2
4404,4
4405,1
4406,6
4407,6
4408,5
4409,5
4410,2
4411,5
4412,0
4413,3
4414,6
4415,5
4416,3
4417,2
4418,3
4419,4
4420,2
4421,0
4422,4
4423,6
4424,4
4425,6
4426,4
4427,0
4428,6
4429,6
4430,6
4431,6
4432,1
4433,2
4434,3
4435,1
4436,2
4437,0
4438,3
4439,3
4440,5
4441,4
4442,6
4443,6
4444,0
4445,3
4446,6
4447,6
4448,6
4449,4
4450,5
4451,5
4452,6
4453,3
4454,6
4455,3
4456,4
4457,3
4458,5
4459,3
4460,0
4461,2
4462,3
4463,3
4464,6
4465,5
4466,5
4467,4
4468,3
4469,5
4470,4
4471,3
4472,3
4473,6
4474,3
4475,0
4476,2
4477,2
4478,2
4479,0
4480,4
4481,0
4482,0
4483,4
4484,5
4485,6
4486,2
4487,3
4488,3
4489,6
4490,5
4491,6
4492,2
4493,4
4494,6
4495,3
4496,4
4497,5
4498,0
4499,5
4500,2
4501,6
4502,3
4503,3
4504,5
4505,6
4506,5
4507,0
4508,4
4509,3
4510,3
4511,2
4512,3
4513,5
4514,3
4515,5
4516,0
4517,3
4518,6
4519,2
4520,5
4521,2
4522,5
4523,2
4524,5
4525,5
4526,5
4527,3
4528,5
4529,3
4530,6
4531,3
4532,4
4533,0
4534,6
4535,2
4536,6
4537,3
4538,4
4539,3
4540,2
4541,3
4542,4
4543,3
4544,3
4545,2
4546,6
4547,4
4548,2
4549,3
4550,4
4551,5
4552,4
4553,3
4554,5
4555,6
4556,4
4557,5
4558,3
4559,3
4560,6
4561,0
4562,5
4563,2
4564,6
4565,6
4566,6
4567,6
4568,4
4569,6
4570,2
4571,4
4572,4
4573,0
4574,1
4575,3
4576,3
4577,5
4578,3
4579,6
4580,4
4581,2
4582,4
4583,3
4584,4
4585,4
4586,6
4587,2
4588,3
4589,6
4590,2
4591,4
4592,3
4593,3
4594,2
4595,5
4596,2
4597,2
4598,4
4599,2
4600,0
4601,2
4602,4
4603,0
4604,3
4605,5
4606,3
4607,6
4608,3
4609,3
4610,6
4611,2
4612,3
4613,3
4614,4
4615,4
4616,4
4617,4
4618,4
4619,6
4620,6
4621,6
4622,3
4623,3
4624,3
4625,4
4626,2
4627,3
4628,2
4629,3
4630,5
4631,0
4632,6
4633,0
4634,5
4635,0
4636,3
4637,4
4638,0
4639,6
4640,5
4641,4
4642,5
4643,6
4644,0
4645,4
4646,5
4647,4
4648,3
4649,6
4650,6
4651,0
4652,2
4653,3
4654,5
4655,6
4656,3
4657,6
4658,3
4659,6
4660,3
4661,6
4662,3
4663,6
4664,4
4665,5
4666,6
4667,3
4668,2
4669,5
4670,5
4671,4
4672,3
4673,6
4674,3
4675,4
4676,6
4677,0
4678,3
4679,6
4680,2
4681,3
4682,0
4683,3
4684,0
4685,0
4686,3
4687,5
4688,4
4689,3
4690,6
4691,4
4692,4
4693,6
4694,2
4695,3
4696,5
4697,4
4698,0
4699,2
4700,6
4701,3
4702,3
4703,4
4704,3
4705,4
4706,6
4707,5
4708,4
4709,6
4710,3
4711,6
4712,2
4713,0
4714,3
4715,2
4716,0
4717,6
4718,3
4719,0
4720,2
4721,2
4722,5
4723,3
4724,4
4725,2
4726,6
4727,5
4728,2
4729,2
4730,2
4731,6
4732,3
4733,5
4734,3
4735,3
4736,3
4737,3
4738,6
4739,6
4740,5
4741,4
4742,4
4743,6
4744,6
4745,0
4746,4
4747,6
4748,2
4749,4
4750,6
4751,2
4752,3
4753,6
4754,0
4755,6
4756,4
4757,3
4758,6
4759,3
4760,6
4761,5
4762,0
4763,3
4764,4
4765,5
4766,4
4767,0
4768,6
4769,4
4770,4
4771,6
4772,6
4773,0
4774,2
4775,4
4776,6
4777,6
4778,4
4779,6
4780,6
4781,3
4782,5
4783,3
4784,6
4785,6
4786,2
4787,0
4788,6
4789,2
4790,3
4791,4
4792,3
4793,0
4794,3
4795,3
4796,6
4797,6
4798,0
4799,0
4800,6
4801,5
4802,6
4803,3
4804,3
4805,3
4806,4
4807,0
4808,3
4809,2
4810,2
4811,6
4812,6
4813,3
4814,3
4815,6
4816,2
4817,0
4818,0
4819,3
4820,0
4821,6
4822,5
4823,3
4824,6
4825,5
4826,3
4827,6
4828,6
4829,0
4830,5
4831,3
4832,3
4833,0
4834,3
4835,3
4836,3
4837,6
4838,6
4839,3
4840,0
4841,0
4842,3
4843,3
4844,4
4845,3
4846,4
4847,3
4848,2
4849,0
4850,3
4851,3
4852,1
4853,6
4854,5
4855,0
4856,5
4857,6
4858,3
4859,3
4860,2
4861,5
4862,6
4863,3
4864,6
4865,6
4866,5
4867,3
4868,6
4869,6
4870,0
4871,4
4872,2
4873,6
4874,0
4875,4
4876,3
4877,6
4878,6
4879,6
4880,3
4881,3
4882,4
4883,5
4884,5
4885,3
4886,6
4887,2
4888,3
4889,0
4890,4
4891,4
4892,3
4893,3
4894,0
4895,4
4896,4
4897,0
4898,2
4899,6
4900,3
4901,3
4902,6
4903,4
4904,4
4905,6
4906,4
4907,5
4908,3
4909,6
4910,0
4911,3
4912,4
4913,5
4914,0
4915,3
4916,2
4917,4
4918,6
4919,5
4920,6
4921,0
4922,6
4923,3
4924,5
4925,4
4926,2
4927,4
4928,0
4929,3
4930,3
4931,3
4932,6
4933,6
4934,4
4935,4
4936,0
4937,3
4938,4
4939,0
4940,5
4941,6
4942,0
4943,2
4944,4
4945,4
4946,3
4947,0
4948,6
4949,3
4950,3
4951,6
4952,6
4953,3
4954,5
4955,0
4956,0
4957,5
4958,2
4959,4
4960,6
4961,3
4962,5
4963,0
4964,6
4965,2
4966,4
4967,3
4968,0
4969,6
4970,6
4971,4
4972,6
4973,4
4974,2
4975,2
4976,5
4977,6
4978,2
4979,3
4980,5
4981,3
4982,6
4983,4
4984,4
4985,5
4986,3
4987,3
4988,3
4989,3
4990,4
4991,0
4992,4
4993,5
4994,0
4995,3
4996,6
4997,3
4998,4
4999,6
5000,1
5001,6
5002,3
5003,4
5004,3
5005,6
5006,6
5007,3
5008,4
5009,3
5010,0
5011,2
5012,0
5013,3
5014,6
5015,5
5016,2
5017,4
5018,6
5019,6
5020,2
5021,6
5022,6
5023,6
5024,0
5025,4
5026,5
5027,6
5028,4
5029,2
5030,3
5031,2
5032,6
5033,3
5034,3
5035,3
5036,6
5037,4
5038,3
5039,3
5040,2
5041,0
5042,3
5043,2
5044,4
5045,6
5046,6
5047,3
5048,0
5049,6
5050,4
5051,1
5052,6
5053,6
5054,0
5055,4
5056,3
5057,3
5058,6
5059,3
5060,3
5061,5
5062,4
5063,6
5064,2
5065,6
5066,5
5067,6
5068,5
5069,3
5070,4
5071,5
5072,6
5073,3
5074,3
5075,3
5076,3
5077,4
5078,4
5079,5
5080,3
5081,0
5082,4
5083,4
5084,6
5085,4
5086,3
5087,4
5088,0
5089,4
5090,0
5091,6
5092,4
5093,6
5094,0
5095,4
5096,4
5097,2
5098,0
5099,2
5100,3
5101,4
5102,3
5103,5
5104,4
5105,5
5106,6
5107,2
5108,4
5109,2
5110,6
5111,0
5112,6
5113,6
5114,6
5115,3
5116,3
5117,6
5118,3
5119,4
5120,5
5121,6
5122,5
5123,6
5124,5
5125,5
5126,4
5127,6
5128,4
5129,6
5130,2
5131,5
5132,6
5133,3
5134,3
5135,0
5136,2
5137,4
5138,4
5139,4
5140,6
5141,3
5142,1
5143,6
5144,1
5145,5
5146,0
5147,5
5148,2
5149,3
5150,2
5151,3
5152,5
5153,5
5154,2
5155,3
5156,6
5157,6
5158,5
5159,6
5160,6
5161,6
5162,6
5163,2
5164,0
5165,2
5166,0
5167,4
5168,0
5169,3
5170,6
5171,3
5172,4
5173,0
5174,2
5175,3
5176,4
5177,3
5178,3
5179,3
5180,4
5181,2
5182,2
5183,5
5184,6
5185,4
5186,3
5187,0
5188,2
5189,6
5190,3
5191,4
5192,6
5193,0
5194,5
5195,0
5196,4
5197,3
5198,5
5199,3
5200,0
5201,4
5202,6
5203,6
5204,0
5205,4
5206,3
5207,2
5208,0
5209,4
5210,3
5211,2
5212,2
5213,5
5214,4
5215,3
5216,6
5217,5
5218,6
5219,4
5220,3
5221,6
5222,3
5223,2
5224,5
5225,3
5226,6
5227,3
5228,4
5229,3
5230,3
5231,5
5232,0
5233,4
5234,3
5235,5
5236,3
5237,6
5238,6
5239,1
5240,0
5241,4
5242,3
5243,6
5244,6
5245,4
5246,3
5247,2
5248,0
5249,4
5250,4
5251,6
5252,3
5253,6
5254,3
5255,3
5256,2
5257,6
5258,3
5259,0
5260,3
5261,3
5262,3
5263,3
5264,6
5265,3
5266,3
5267,3
5268,6
5269,0
5270,5
5271,3
5272,0
5273,6
5274,5
5275,3
5276,3
5277,3
5278,0
5279,3
5280,3
5281,0
5282,6
5283,6
5284,0
5285,2
5286,2
5287,6
5288,3
5289,3
5290,4
5291,2
5292,4
5293,5
5294,2
5295,5
5296,2
5297,2
5298,6
5299,6
5300,5
5301,3
5302,3
5303,4
5304,1
5305,3
5306,6
5307,6
5308,3
5309,3
5310,4
5311,2
5312,0
5313,2
5314,6
5315,6
5316,2
5317,6
5318,2
5319,5
5320,6
5321,4
5322,3
5323,2
5324,2
5325,6
5326,6
5327,4
5328,2
5329,3
5330,5
5331,2
5332,6
5333,3
5334,4
5335,3
5336,3
5337,3
5338,0
5339,3
5340,6
5341,6
5342,3
5343,4
5344,5
5345,0
5346,6
5347,5
5348,0
5349,5
5350,6
5351,6
5352,6
5353,6
5354,4
5355,4
5356,0
5357,3
5358,2
5359,5
5360,2
5361,4
5362,6
5363,6
5364,5
5365,2
5366,0
5367,3
5368,4
5369,6
5370,4
5371,3
5372,0
5373,3
5374,4
5375,2
5376,6
5377,3
5378,6
5379,6
5380,6
5381,0
5382,0
5383,4
5384,3
5385,0
5386,6
5387,0
5388,4
5389,0
5390,2
5391,3
5392,2
5393,3
5394,3
5395,4
5396,0
5397,0
5398,6
5399,3
5400,3
5401,3
5402,3
5403,3
5404,4
5405,0
5406,6
5407,5
5408,4
5409,6
5410,3
5411,6
5412,6
5413,4
5414,5
5415,3
5416,0
5417,3
5418,6
5419,0
5420,6
5421,6
5422,4
5423,3
5424,6
5425,6
5426,2
5427,6
5428,6
5429,3
5430,5
5431,3
5432,6
5433,3
5434,0
5435,0
5436,3
5437,3
5438,2
5439,6
5440,3
5441,6
5442,4
5443,3
5444,4
5445,5
5446,3
5447,4
5448,4
5449,6
5450,4
5451,4
5452,3
5453,6
5454,6
5455,6
5456,6
5457,4
5458,3
5459,3
5460,6
5461,3
5462,5
5463,5
5464,4
5465,2
5466,3
5467,5
5468,5
5469,0
5470,0
5471,3
5472,3
5473,3
5474,1
5475,6
5476,0
5477,3
5478,3
5479,0
5480,5
5481,6
5482,3
5483,5
5484,2
5485,5
5486,3
5487,2
5488,0
5489,6
5490,2
5491,1
5492,0
5493,6
5494,3
5495,6
5496,6
5497,5
5498,6
5499,3
5500,3
5501,6
5502,0
5503,2
5504,5
5505,3
5506,0
5507,6
5508,4
5509,2
5510,5
5511,0
5512,3
5513,6
5514,0
5515,6
5516,6
5517,2
5518,3
5519,2
5520,3
5521,4
5522,3
5523,0
5524,3
5525,0
5526,3
5527,2
5528,4
5529,3
5530,4
5531,6
5532,0
5533,4
5534,3
5535,3
5536,4
5537,3
5538,4
5539,4
5540,2
5541,2
5542,2
5543,2
5544,4
5545,4
5546,4
5547,3
5548,0
5549,4
5550,4
5551,3
5552,3
5553,5
5554,3
5555,3
5556,0
5557,0
5558,3
5559,6
5560,3
5561,6
5562,6
5563,6
5564,5
5565,5
5566,4
5567,0
5568,3
5569,3
5570,5
5571,4
5572,4
5573,4
5574,5
5575,3
5576,3
5577,5
5578,0
5579,4
5580,2
5581,6
5582,2
5583,5
5584,1
5585,4
5586,3
5587,6
5588,4
5589,3
5590,4
5591,3
5592,6
5593,1
5594,6
5595,0
5596,5
5597,4
5598,6
5599,3
5600,6
5601,4
5602,3
5603,3
5604,3
5605,6
5606,3
5607,2
5608,6
5609,5
5610,3
5611,3
5612,3
5613,5
5614,4
5615,3
5616,4
5617,3
5618,6
5619,3
5620,4
5621,4
5622,6
5623,4
5624,6
5625,5
5626,2
5627,4
5628,3
5629,0
5630,2
5631,0
5632,3
5633,6
5634,4
5635,3
5636,6
5637,3
5638,5
5639,2
5640,4
5641,4
5642,4
5643,3
5644,6
5645,4
5646,4
5647,6
5648,2
5649,2
5650,1
5651,6
5652,3
5653,5
5654,2
5655,4
5656,3
5657,2
5658,2
5659,0
5660,3
5661,3
5662,6
5663,3
5664,4
5665,3
5666,4
5667,5
5668,6
5669,6
5670,0
5671,0
5672,6
5673,2
5674,4
5675,4
5676,3
5677,3
5678,6
5679,2
5680,3
5681,4
5682,6
5683,3
5684,3
5685,4
5686,4
5687,4
5688,6
5689,6
5690,0
5691,3
5692,3
5693,5
5694,3
5695,5
5696,3
5697,4
5698,3
5699,6
5700,6
5701,4
5702,2
5703,5
5704,1
5705,2
5706,4
5707,4
5708,0
5709,6
5710,3
5711,3
5712,6
5713,0
5714,3
5715,3
5716,3
5717,5
5718,5
5719,2
5720,4
5721,4
5722,6
5723,2
5724,0
5725,3
5726,6
5727,3
5728,4
5729,6
5730,3
5731,3
5732,2
5733,0
5734,6
5735,0
5736,2
5737,3
5738,2
5739,4
5740,2
5741,4
5742,5
5743,5
5744,3
5745,3
5746,5
5747,5
5748,3
5749,3
5750,3
5751,6
5752,5
5753,5
5754,0
5755,3
5756,3
5757,6
5758,0
5759,6
5760,5
5761,4
5762,4
5763,6
5764,5
5765,6
5766,1
5767,6
5768,6
5769,4
5770,6
5771,5
5772,3
5773,2
5774,2
5775,5
5776,6
5777,5
5778,0
5779,4
5780,4
5781,5
5782,4
5783,6
5784,0
5785,2
5786,2
5787,6
5788,2
5789,6
5790,6
5791,4
5792,3
5793,4
5794,4
5795,4
5796,4
5797,5
5798,3
5799,4
5800,0
5801,4
5802,0
5803,3
5804,6
5805,3
5806,3
5807,2
5808,4
5809,6
5810,6
5811,5
5812,2
5813,1
5814,0
5815,2
5816,3
5817,3
5818,4
5819,4
5820,4
5821,6
5822,0
5823,4
5824,2
5825,6
5826,4
5827,6
5828,0
5829,3
5830,0
5831,6
5832,5
5833,2
5834,0
5835,2
5836,6
5837,3
5838,1
5839,3
5840,3
5841,6
5842,6
5843,4
5844,2
5845,6
5846,4
5847,6
5848,4
5849,2
5850,0
5851,6
5852,4
5853,6
5854,0
5855,4
5856,5
5857,4
5858,5
5859,6
5860,5
5861,3
5862,4
5863,3
5864,6
5865,3
5866,6
5867,4
5868,5
5869,5
5870,4
5871,3
5872,3
5873,6
5874,2
5875,3
5876,3
5877,2
5878,2
5879,5
5880,4
5881,5
5882,3
5883,3
5884,6
5885,0
5886,3
5887,6
5888,5
5889,0
5890,6
5891,0
5892,3
5893,2
5894,3
5895,3
5896,2
5897,0
5898,5
5899,4
5900,3
5901,3
5902,4
5903,3
5904,6
5905,3
5906,3
5907,4
5908,6
5909,0
5910,0
5911,6
5912,3
5913,6
5914,0
5915,0
5916,5
5917,6
5918,2
5919,3
5920,3
5921,4
5922,3
5923,4
5924,6
5925,3
5926,4
5927,3
5928,6
5929,4
5930,6
5931,5
5932,3
5933,6
5934,6
5935,0
5936,6
5937,3
5938,3
5939,0
5940,4
5941,3
5942,0
5943,6
5944,0
5945,6
5946,6
5947,0
5948,4
5949,6
5950,4
5951,6
5952,3
5953,2
5954,3
5955,3
5956,3
5957,4
5958,3
5959,6
5960,6
5961,2
5962,2
5963,4
5964,6
5965,6
5966,4
5967,4
5968,6
5969,3
5970,4
5971,0
5972,3
5973,0
5974,3
5975,0
5976,4
5977,2
5978,4
5979,6
5980,3
5981,2
5982,3
5983,5
5984,4
5985,3
5986,4
5987,3
5988,4
5989,6
5990,6
5991,2
5992,4
5993,4
5994,6
5995,3
5996,3
5997,0
5998,4
5999,4
6000,3
6001,4
6002,4
6003,3
6004,3
6005,5
6006,6
6007,6
6008,2
6009,1
6010,3
6011,3
6012,4
6013,3
6014,4
6015,3
6016,2
6017,2
6018,2
6019,0
6020,3
6021,2
6022,4
6023,4
6024,4
6025,3
6026,5
6027,3
6028,3
6029,3
6030,5
6031,6
6032,3
6033,3
6034,6
6035,5
6036,3
6037,5
6038,4
6039,3
6040,3
6041,3
6042,4
6043,6
6044,6
6045,3
6046,4
6047,2
6048,5
6049,4
6050,6
6051,4
6052,5
6053,3
6054,6
6055,5
6056,2
6057,3
6058,3
6059,3
6060,6
6061,0
6062,3
6063,6
6064,3
6065,6
6066,3
6067,6
6068,2
6069,5
6070,3
6071,3
6072,6
6073,3
6074,2
6075,3
6076,4
6077,6
6078,3
6079,5
6080,5
6081,6
6082,6
6083,5
6084,5
6085,4
6086,5
6087,2
6088,3
6089,6
6090,5
6091,3
6092,3
6093,6
6094,2
6095,3
6096,0
6097,6
6098,5
6099,5
6100,4
6101,3
6102,0
6103,4
6104,3
6105,0
6106,2
6107,2
6108,4
6109,6
6110,4
6111,3
6112,5
6113,2
6114,6
6115,2
6116,5
6117,3
6118,5
6119,3
6120,6
6121,4
6122,2
6123,4
6124,6
6125,6
6126,6
6127,6
6128,2
6129,4
6130,0
6131,2
6132,4
6133,3
6134,3
6135,5
6136,0
6137,3
6138,6
6139,4
6140,2
6141,6
6142,4
6143,4
6144,0
6145,0
6146,5
6147,2
6148,4
6149,6
6150,4
6151,6
6152,3
6153,6
6154,0
6155,5
6156,3
6157,0
6158,0
6159,2
6160,4
6161,4
6162,3
6163,3
6164,4
6165,3
6166,6
6167,6
6168,3
6169,6
6170,5
6171,2
6172,0
6173,5
6174,6
6175,6
6176,3
6177,3
6178,4
6179,4
6180,5
6181,6
6182,5
6183,4
6184,0
6185,3
6186,4
6187,6
6188,5
6189,5
6190,3
6191,5
6192,4
6193,4
6194,6
6195,2
6196,5
6197,5
6198,2
6199,6
6200,4
6201,4
6202,6
6203,0
6204,5
6205,5
6206,4
6207,6
6208,3
6209,6
6210,4
6211,6
6212,6
6213,3
6214,4
6215,3
6216,6
6217,4
6218,4
6219,4
6220,0
6221,2
6222,6
6223,4
6224,2
6225,3
6226,2
6227,2
6228,3
6229,4
6230,3
6231,6
6232,6
6233,4
6234,0
6235,2
6236,4
6237,5
6238,3
6239,6
6240,5
6241,3
6242,5
6243,6
6244,5
6245,2
6246,3
6247,5
6248,5
6249,3
6250,5
6251,3
6252,6
6253,0
6254,4
6255,4
6256,4
6257,3
6258,4
6259,5
6260,6
6261,2
6262,3
6263,3
6264,6
6265,6
6266,3
6267,5
6268,3
6269,2
6270,1
6271,6
6272,4
6273,6
6274,4
6275,3
6276,3
6277,6
6278,2
6279,4
6280,3
6281,5
6282,3
6283,0
6284,0
6285,3
6286,5
6287,6
6288,6
6289,3
6290,5
6291,6
6292,6
6293,3
6294,3
6295,0
6296,4
6297,6
6298,6
6299,5
6300,6
6301,3
6302,3
6303,3
6304,0
6305,3
6306,6
6307,6
6308,4
6309,3
6310,2
6311,3
6312,4
6313,3
6314,5
6315,4
6316,4
6317,3
6318,4
6319,2
6320,0
6321,4
6322,5
6323,0
6324,4
6325,4
6326,1
6327,3
6328,6
6329,4
6330,0
6331,3
6332,2
6333,3
6334,4
6335,3
6336,6
6337,3
6338,3
6339,6
6340,3
6341,4
6342,3
6343,1
6344,5
6345,0
6346,3
6347,6
6348,2
6349,0
6350,6
6351,6
6352,5
6353,5
6354,0
6355,5
6356,2
6357,5
6358,3
6359,3
6360,4
6361,3
6362,2
6363,5
6364,4
6365,6
6366,5
6367,5
6368,3
6369,4
6370,2
6371,3
6372,0
6373,3
6374,4
6375,4
6376,3
6377,5
6378,2
6379,4
6380,2
6381,6
6382,3
6383,3
6384,2
6385,5
6386,3
6387,2
6388,4
6389,3
6390,6
6391,5
6392,4
6393,0
6394,5
6395,6
6396,6
6397,2
6398,3
6399,5
6400,6
6401,3
6402,6
6403,0
6404,6
6405,6
6406,0
6407,2
6408,3
6409,3
6410,3
6411,6
6412,4
6413,6
6414,3
6415,5
6416,3
6417,5
6418,5
6419,0
6420,6
6421,5
6422,6
6423,4
6424,3
6425,1
6426,4
6427,4
6428,4
6429,0
6430,4
6431,2
6432,6
6433,4
6434,0
6435,0
6436,6
6437,6
6438,5
6439,0
6440,3
6441,0
6442,3
6443,4
6444,5
6445,5
6446,4
6447,3
6448,3
6449,6
6450,4
6451,6
6452,5
6453,3
6454,6
6455,3
6456,4
6457,6
6458,6
6459,4
6460,3
6461,0
6462,5
6463,4
6464,3
6465,2
6466,4
6467,3
6468,5
6469,4
6470,2
6471,3
6472,5
6473,2
6474,4
6475,3
6476,3
6477,4
6478,6
6479,4
6480,3
6481,2
6482,6
6483,6
6484,6
6485,2
6486,5
6487,3
6488,3
6489,0
6490,6
6491,4
6492,2
6493,3
6494,5
6495,6
6496,3
6497,3
6498,0
6499,4
6500,3
6501,4
6502,6
6503,3
6504,6
6505,3
6506,3
6507,0
6508,3
6509,5
6510,4
6511,0
6512,4
6513,6
6514,0
6515,3
6516,4
6517,6
6518,4
6519,0
6520,4
6521,3
6522,6
6523,2
6524,3
6525,3
6526,5
6527,3
6528,3
6529,2
6530,1
6531,6
6532,2
6533,2
6534,4
6535,6
6536,3
6537,3
6538,6
6539,6
6540,0
6541,2
6542,6
6543,0
6544,3
6545,5
6546,6
6547,2
6548,5
6549,5
6550,5
6551,4
6552,6
6553,4
6554,2
6555,3
6556,4
6557,5
6558,6
6559,2
6560,3
6561,6
6562,5
6563,5
6564,3
6565,2
6566,3
6567,6
6568,5
6569,0
6570,6
6571,4
6572,5
6573,6
6574,6
6575,0
6576,5
6577,4
6578,6
6579,4
6580,6
6581,3
6582,4
6583,0
6584,5
6585,5
6586,6
6587,2
6588,4
6589,6
6590,3
6591,5
6592,5
6593,6
6594,6
6595,4
6596,3
6597,5
6598,3
6599,6
6600,5
6601,2
6602,6
6603,3
6604,0
6605,4
6606,1
6607,1
6608,3
6609,2
6610,6
6611,4
6612,3
6613,6
6614,2
6615,3
6616,5
6617,6
6618,2
6619,3
6620,5
6621,3
6622,0
6623,6
6624,3
6625,6
6626,3
6627,6
6628,3
6629,2
6630,6
6631,6
6632,6
6633,4
6634,6
6635,6
6636,2
6637,6
6638,1
6639,4
6640,6
6641,3
6642,6
6643,6
6644,6
6645,3
6646,3
6647,6
6648,5
6649,6
6650,4
6651,5
6652,4
6653,6
6654,3
6655,6
6656,6
6657,3
6658,3
6659,4
6660,0
6661,3
6662,4
6663,5
6664,3
6665,0
6666,6
6667,3
6668,0
6669,4
6670,6
6671,4
6672,6
6673,5
6674,6
6675,3
6676,5
6677,3
6678,0
6679,5
6680,3
6681,3
6682,5
6683,4
6684,6
6685,4
6686,5
6687,5
6688,6
6689,2
6690,6
6691,3
6692,6
6693,3
6694,4
6695,0
6696,4
6697,2
6698,4
6699,2
6700,3
6701,3
6702,5
6703,0
6704,4
6705,5
6706,4
6707,4
6708,6
6709,6
6710,3
6711,2
6712,5
6713,2
6714,5
6715,2
6716,3
6717,3
6718,6
6719,3
6720,3
6721,2
6722,3
6723,6
6724,5
6725,4
6726,2
6727,3
6728,6
6729,6
6730,2
6731,3
6732,2
6733,0
6734,4
6735,0
6736,5
6737,5
6738,6
6739,3
6740,5
6741,6
6742,6
6743,6
6744,6
6745,2
6746,0
6747,6
6748,5
6749,4
6750,5
6751,0
6752,3
6753,3
6754,4
6755,2
6756,3
6757,3
6758,6
6759,6
6760,3
6761,5
6762,4
6763,4
6764,6
6765,6
6766,4
6767,6
6768,0
6769,0
6770,4
6771,4
6772,2
6773,5
6774,0
6775,3
6776,4
6777,4
6778,3
6779,2
6780,3
6781,3
6782,6
6783,0
6784,4
6785,2
6786,4
6787,3
6788,6
6789,0
6790,2
6791,4
6792,6
6793,4
6794,4
6795,4
6796,4
6797,2
6798,0
6799,3
6800,4
6801,6
6802,3
6803,6
6804,4
6805,6
6806,3
6807,3
6808,4
6809,4
6810,3
6811,2
6812,6
6813,3
6814,6
6815,3
6816,2
6817,6
6818,4
6819,0
6820,3
6821,0
6822,5
6823,3
6824,3
6825,6
6826,5
6827,2
6828,6
6829,3
6830,3
6831,3
6832,5
6833,6
6834,6
6835,3
6836,2
6837,4
6838,3
6839,4
6840,2
6841,5
6842,6
6843,2
6844,3
6845,6
6846,3
6847,0
6848,4
6849,6
6850,6
6851,6
6852,0
6853,6
6854,0
6855,2
6856,6
6857,4
6858,6
6859,2
6860,6
6861,5
6862,3
6863,4
6864,3
6865,4
6866,6
6867,6
6868,6
6869,3
6870,2
6871,2
6872,6
6873,6
6874,6
6875,6
6876,2
6877,4
6878,6
6879,6
6880,3
6881,3
6882,3
6883,5
6884,6
6885,0
6886,6
6887,3
6888,2
6889,3
6890,4
6891,3
6892,2
6893,0
6894,3
6895,6
6896,3
6897,2
6898,6
6899,3
6900,4
6901,3
6902,4
6903,3
6904,2
6905,3
6906,3
6907,5
6908,3
6909,6
6910,6
6911,4
6912,5
6913,4
6914,3
6915,5
6916,4
6917,0
6918,3
6919,4
6920,3
6921,0
6922,2
6923,6
6924,0
6925,3
6926,6
6927,4
6928,2
6929,6
6930,6
6931,4
6932,4
6933,6
6934,3
6935,6
6936,2
6937,4
6938,2
6939,2
6940,4
6941,4
6942,0
6943,3
6944,6
6945,3
6946,5
6947,5
6948,5
6949,4
6950,4
6951,0
6952,2
6953,3
6954,6
6955,3
6956,6
6957,4
6958,6
6959,2
6960,2
6961,3
6962,2
6963,6
6964,4
6965,6
6966,6
6967,6
6968,6
6969,2
6970,5
6971,6
6972,6
6973,3
6974,6
6975,4
6976,6
6977,4
6978,4
6979,4
6980,3
6981,4
6982,3
6983,5
6984,4
6985,2
6986,4
6987,6
6988,1
6989,6
6990,6
6991,3
6992,6
6993,6
6994,0
6995,4
6996,2
6997,2
6998,3
6999,3
7000,4
7001,3
7002,3
7003,6
7004,3
7005,3
7006,4
7007,6
7008,6
7009,4
7010,3
7011,6
7012,3
7013,6
7014,4
7015,2
7016,5
7017,5
7018,5
7019,3
7020,6
7021,4
7022,2
7023,5
7024,3
7025,0
7026,3
7027,3
7028,5
7029,4
7030,4
7031,5
7032,6
7033,5
7034,3
7035,6
7036,0
7037,6
7038,3
7039,6
7040,5
7041,3
7042,6
7043,3
7044,4
7045,0
7046,4
7047,2
7048,5
7049,4
7050,5
7051,3
7052,4
7053,4
7054,5
7055,3
7056,2
7057,6
7058,2
7059,3
7060,0
7061,4
7062,4
7063,0
7064,4
7065,6
7066,0
7067,3
7068,3
7069,2
7070,4
7071,3
7072,6
7073,3
7074,5
7075,3
7076,3
7077,3
7078,5
7079,2
7080,2
7081,6
7082,6
7083,2
7084,3
7085,3
7086,6
7087,1
7088,5
7089,4
7090,3
7091,4
7092,4
7093,0
7094,3
7095,3
7096,2
7097,3
7098,5
7099,3
7100,4
7101,0
7102,0
7103,0
7104,6
7105,2
7106,5
7107,5
7108,3
7109,4
7110,3
7111,3
7112,2
7113,3
7114,3
7115,3
7116,5
7117,0
7118,4
7119,2
7120,6
7121,6
7122,3
7123,6
7124,5
7125,6
7126,5
7127,2
7128,4
7129,3
7130,2
7131,5
7132,3
7133,6
7134,0
7135,2
7136,2
7137,4
7138,3
7139,6
7140,3
7141,5
7142,5
7143,5
7144,4
7145,5
7146,5
7147,4
7148,5
7149,6
7150,5
7151,2
7152,6
7153,2
7154,6
7155,4
7156,6
7157,3
7158,2
7159,5
7160,5
7161,3
7162,6
7163,0
7164,2
7165,3
7166,3
7167,3
7168,0
7169,3
7170,0
7171,4
7172,3
7173,5
7174,4
7175,3
7176,4
7177,2
